epochs train test
0       38.512    51.0
1       52.202    56.31
2       57.304    60.42
3       59.582    64.01
4       61.536    63.1
5       63.238    66.11
6       64.752    68.02
7       65.38    67.47
8       66.716    68.95
9       67.514    69.71
10       68.152    69.96
11       68.5    70.33
12       69.54    70.79
13       69.56    71.5
14       70.24    72.5
15       70.446    72.24
16       70.59    73.05
17       71.1    73.5
18       71.236    73.38
19       71.488    74.36
20       71.706    74.2
21       71.908    73.8
22       72.064    74.77
23       72.366    73.1
24       72.638    74.58
25       74.0    76.22
26       74.578    76.64
27       74.806    76.78
28       74.968    76.58
29       74.976    76.68
30       74.99    76.77
31       75.214    77.07
32       75.382    76.75
33       75.378    77.1
34       75.284    77.07
35       75.272    77.15
36       75.268    77.16
37       75.568    77.2
38       75.312    77.14
39       75.226    77.28
